25
0 20 95 95 28 15 87 37 66 62 22 44 81 79 64 85 91 28 58 46 46 40 31 82 79
20 0 76 77 31 33 87 36 47 64 10 34 66 92 49 93 77 17 77 58 66 61 12 61 81
95 76 0 2 81 109 92 104 68 129 72 92 25 132 34 163 28 68 153 133 130 134 64 30 93
95 77 2 0 81 110 90 105 70 130 73 93 24 131 34 164 26 68 154 134 130 135 65 32 92
28 31 81 81 0 42 59 62 76 89 21 65 62 62 47 113 71 18 80 74 48 57 32 78 51
15 33 109 110 42 0 100 33 73 53 37 45 97 85 80 71 107 43 43 32 44 30 45 94 91
87 87 92 90 59 100 0 122 123 149 76 122 67 53 66 171 66 70 132 132 83 105 83 107 9
37 36 104 105 62 33 122 0 49 28 46 16 99 116 82 59 110 53 62 32 77 60 45 81 114
66 47 68 70 76 73 123 49 0 66 55 33 75 139 63 102 85 58 111 81 113 103 43 39 119
62 64 129 130 89 53 149 28 66 0 74 36 126 138 110 35 137 81 63 31 95 72 73 103 141
22 10 72 73 21 37 76 46 55 74 0 45 59 84 42 102 69 7 81 65 62 62 12 61 70
44 34 92 93 65 45 122 16 33 36 45 0 90 123 75 71 101 51 78 48 88 74 40 67 115
81 66 25 24 62 97 67 99 75 126 59 90 0 107 17 158 11 53 140 124 110 118 54 44 67
79 92 132 131 62 85 53 116 139 138 84 123 107 0 99 151 111 81 100 113 47 74 95 136 46
64 49 34 34 47 80 66 82 63 110 42 75 17 99 0 141 27 36 123 107 96 102 37 41 64
85 93 163 164 113 71 171 59 102 35 102 71 158 151 141 0 169 109 56 39 103 77 103 138 163
91 77 28 26 71 107 66 110 85 137 69 101 11 111 27 169 0 63 150 135 118 128 65 52 69
28 17 68 68 18 43 70 53 58 81 7 51 53 81 36 109 63 0 86 72 63 66 14 60 64
58 77 153 154 80 43 132 62 111 63 81 78 140 100 123 56 150 86 0 33 52 27 89 137 122
46 58 133 134 74 32 132 32 81 31 65 48 124 113 107 39 135 72 33 0 67 42 69 112 123
46 66 130 130 48 44 83 77 113 95 62 88 110 47 96 103 118 63 52 67 0 26 74 124 74
40 61 134 135 57 30 105 60 103 72 62 74 118 74 102 77 128 66 27 42 26 0 72 122 95
31 12 64 65 32 45 83 45 43 73 12 40 54 95 37 103 65 14 89 69 74 72 0 50 77
82 61 30 32 78 94 107 81 39 103 61 67 44 136 41 138 52 60 137 112 124 122 50 0 105
79 81 93 92 51 91 9 114 119 141 70 115 67 46 64 163 69 64 122 123 74 95 77 105 0

0 51 21 23 59 57 8 4 64 92 60 56 53 98 51 68 60 24 26 73 45 18 74 11 86
51 0 33 45 50 18 53 8 28 22 29 89 45 78 88 41 7 34 72 34 63 84 85 39 38
21 33 0 60 90 30 19 88 50 87 19 76 72 94 55 71 39 10 92 29 59 11 84 32 78
23 45 60 0 18 52 56 13 26 72 96 10 76 94 82 31 65 95 95 34 26 17 32 51 92
59 50 90 18 0 35 14 38 63 39 69 69 55 43 45 31 58 91 15 42 21 43 14 46 94
57 18 30 52 35 0 25 50 37 93 52 32 28 78 70 17 7 75 62 17 7 11 38 17 30
8 53 19 56 14 25 0 88 37 5 14 32 16 14 22 23 14 98 33 51 68 10 12 5 92
4 8 88 13 38 50 88 0 7 40 14 20 84 72 27 50 9 36 96 62 66 31 41 99 85
64 28 50 26 63 37 37 7 0 8 37 44 16 58 97 98 18 54 39 67 27 47 18 37 72
92 22 87 72 39 93 5 40 8 0 11 33 83 28 59 83 8 70 70 46 44 56 92 23 22
60 29 19 96 69 52 14 14 37 11 0 79 83 12 96 15 15 92 51 16 35 66 31 35 15
56 89 76 10 69 32 32 20 44 33 79 0 75 79 70 48 49 31 69 82 44 51 66 15 35
53 45 72 76 55 28 16 84 16 83 83 75 0 48 92 5 30 50 61 27 42 37 94 13 7
98 78 94 94 43 78 14 72 58 28 12 79 48 0 26 93 71 17 48 69 46 95 71 40 12
51 88 55 82 45 70 22 27 97 59 96 70 92 26 0 3 93 30 17 40 46 43 52 84 6
68 41 71 31 31 17 23 50 98 83 15 48 5 93 3 0 64 54 34 64 83 71 35 13 39
60 7 39 65 58 7 14 9 18 8 15 49 30 71 93 64 0 65 33 20 12 99 38 56 73
24 34 10 95 91 75 98 36 54 70 92 31 50 17 30 54 65 0 28 95 16 42 25 10 82
26 72 92 95 15 62 33 96 39 70 51 69 61 48 17 34 33 28 0 83 65 48 50 38 45
73 34 29 34 42 17 51 62 67 46 16 82 27 69 40 64 20 95 83 0 85 22 54 14 33
45 63 59 26 21 7 68 66 27 44 35 44 42 46 46 83 12 16 65 85 0 4 86 68 94
18 84 11 17 43 11 10 31 47 56 66 51 37 95 43 71 99 42 48 22 4 0 82 53 50
74 85 84 32 14 38 12 41 18 92 31 66 94 71 52 35 38 25 50 54 86 82 0 97 47
11 39 32 51 46 17 5 99 37 23 35 15 13 40 84 13 56 10 38 14 68 53 97 0 26
86 38 78 92 94 30 92 85 72 22 15 35 7 12 6 39 73 82 45 33 94 50 47 26 0

0 90 55 13 44 20 44 23 96 45 77 16 86 21 18 17 56 72 87 71 48 82 2 99 63
90 0 75 21 99 90 71 73 47 86 17 62 29 46 5 18 6 94 34 52 62 24 52 80 35
55 75 0 74 28 68 35 94 34 4 36 39 36 96 38 55 92 91 25 71 35 55 74 82 87
13 21 74 0 73 70 91 84 78 40 58 8 87 95 51 92 14 24 49 47 44 4 64 71 35
44 99 28 73 0 4 26 72 25 24 3 27 69 4 7 40 49 63 72 8 42 97 81 23 49
20 90 68 70 4 0 94 96 90 49 78 80 68 58 33 1 7 9 2 34 12 59 4 1 16
44 71 35 91 26 94 0 15 8 5 52 79 69 7 2 44 16 72 70 88 33 97 98 4 89
23 73 94 84 72 96 15 0 27 73 75 93 46 86 31 21 92 6 41 46 42 67 75 91 82
96 47 34 78 25 90 8 27 0 1 36 44 13 62 30 24 36 89 99 73 99 54 43 96 15
45 86 4 40 24 49 5 73 1 0 48 54 33 99 53 14 44 62 21 14 77 63 28 19 27
77 17 36 58 3 78 52 75 36 48 0 51 9 99 40 89 87 30 14 27 1 82 18 84 17
16 62 39 8 27 80 79 93 44 54 51 0 51 88 16 23 17 61 50 19 41 58 31 48 94
86 29 36 87 69 68 69 46 13 33 9 51 0 17 53 93 33 16 95 46 22 1 62 40 90
21 46 96 95 4 58 7 86 62 99 99 88 17 0 41 47 71 24 30 70 77 2 55 65 93
18 5 38 51 7 33 2 31 30 53 40 16 53 41 0 51 31 73 31 77 12 79 49 83 76
17 18 55 92 40 1 44 21 24 14 89 23 93 47 51 0 29 80 17 79 52 32 28 80 11
56 6 92 14 49 7 16 92 36 44 87 17 33 71 31 29 0 28 69 14 81 76 44 46 68
72 94 91 24 63 9 72 6 89 62 30 61 16 24 73 80 28 0 64 33 95 81 74 23 5
87 34 25 49 72 2 70 41 99 21 14 50 95 30 31 17 69 64 0 3 56 10 63 82 35
71 52 71 47 8 34 88 46 73 14 27 19 46 70 77 79 14 33 3 0 93 96 79 75 7
48 62 35 44 42 12 33 42 99 77 1 41 22 77 12 52 81 95 56 93 0 39 76 86 68
82 24 55 4 97 59 97 67 54 63 82 58 1 2 79 32 76 81 10 96 39 0 50 40 3
2 52 74 64 81 4 98 75 43 28 18 31 62 55 49 28 44 74 63 79 76 50 0 34 20
99 80 82 71 23 1 4 91 96 19 84 48 40 65 83 80 46 23 82 75 86 40 34 0 64
63 35 87 35 49 16 89 82 15 27 17 94 90 93 76 11 68 5 35 7 68 3 20 64 0

0 94 84 15 59 82 63 47 26 3 33 23 87 68 53 56 25 1 94 72 28 74 87 38 72
94 0 97 38 46 81 49 5 13 16 9 40 7 56 34 54 91 39 96 39 94 68 90 26 41
84 97 0 37 80 1 83 38 39 95 48 55 93 86 26 69 45 22 68 95 26 47 32 17 71
15 38 37 0 80 12 69 3 36 73 31 45 82 33 15 30 17 84 66 14 33 83 82 15 42
59 46 80 80 0 2 4 9 40 90 45 75 71 17 87 9 17 85 63 21 67 96 88 96 47
82 81 1 12 2 0 75 69 10 61 3 65 97 84 84 39 79 41 26 42 50 85 73 97 10
63 49 83 69 4 75 0 74 8 90 14 56 60 14 51 37 1 5 88 82 41 92 48 48 66
47 5 38 3 9 69 74 0 87 75 23 77 87 5 20 85 65 87 81 36 9 57 65 82 46
26 13 39 36 40 10 8 87 0 57 61 79 44 41 56 16 80 50 14 11 11 1 24 88 8
3 16 95 73 90 61 90 75 57 0 43 69 34 70 84 88 76 32 5 89 64 55 76 10 75
33 9 48 31 45 3 14 23 61 43 0 5 9 69 4 43 76 83 38 61 35 53 26 57 90
23 40 55 45 75 65 56 77 79 69 5 0 96 42 84 95 29 54 58 26 87 88 98 11 62
87 7 93 82 71 97 60 87 44 34 9 96 0 33 97 56 58 82 20 62 23 3 75 64 6
68 56 86 33 17 84 14 5 41 70 69 42 33 0 17 92 35 9 38 54 78 32 83 99 22
53 34 26 15 87 84 51 20 56 84 4 84 97 17 0 96 98 63 43 27 8 33 89 31 40
56 54 69 30 9 39 37 85 16 88 43 95 56 92 96 0 57 65 86 40 96 38 17 23 95
25 91 45 17 17 79 1 65 80 76 76 29 58 35 98 57 0 18 60 88 49 2 18 30 28
1 39 22 84 85 41 5 87 50 32 83 54 82 9 63 65 18 0 18 62 54 82 32 58 8
94 96 68 66 63 26 88 81 14 5 38 58 20 38 43 86 60 18 0 64 7 13 49 66 19
72 39 95 14 21 42 82 36 11 89 61 26 62 54 27 40 88 62 64 0 98 53 52 78 9
28 94 26 33 67 50 41 9 11 64 35 87 23 78 8 96 49 54 7 98 0 31 2 68 44
74 68 47 83 96 85 92 57 1 55 53 88 3 32 33 38 2 82 13 53 31 0 49 63 1
87 90 32 82 88 73 48 65 24 76 26 98 75 83 89 17 18 32 49 52 2 49 0 1 23
38 26 17 15 96 97 48 82 88 10 57 11 64 99 31 23 30 58 66 78 68 63 1 0 48
72 41 71 42 47 10 66 46 8 75 90 62 6 22 40 95 28 8 19 9 44 1 23 48 0

0 96 86 44 20 9 58 7 53 47 5 59 79 60 3 40 11 3 84 33 30 82 42 2 6
96 0 7 64 41 43 8 28 79 10 28 14 66 97 21 37 12 78 7 78 13 77 36 61 91
86 7 0 26 77 59 10 16 70 27 30 56 35 99 22 59 41 54 81 2 67 88 41 89 80
44 64 26 0 20 68 55 61 31 17 84 18 59 97 53 81 65 77 4 56 12 68 91 56 57
20 41 77 20 0 98 99 30 79 68 40 40 88 82 27 18 95 83 35 84 2 22 91 5 87
9 43 59 68 98 0 77 40 78 4 37 21 96 56 44 80 17 21 35 45 11 60 10 95 58
58 8 10 55 99 77 0 44 48 38 78 96 44 28 65 75 59 37 51 15 27 18 89 56 34
7 28 16 61 30 40 44 0 16 37 91 50 3 45 3 2 87 95 89 85 13 22 69 65 10
53 79 70 31 79 78 48 16 0 11 66 80 16 50 14 69 48 21 72 34 53 59 76 4 63
47 10 27 17 68 4 38 37 11 0 66 46 22 5 84 46 5 33 35 24 21 29 30 89 76
5 28 30 84 40 37 78 91 66 66 0 49 17 19 19 50 9 79 57 96 87 70 12 16 34
59 14 56 18 40 21 96 50 80 46 49 0 46 78 20 31 53 19 53 35 51 79 44 29 93
79 66 35 59 88 96 44 3 16 22 17 46 0 31 45 41 49 44 27 65 24 81 81 59 54
60 97 99 97 82 56 28 45 50 5 19 78 31 0 69 36 41 31 95 69 88 93 74 84 80
3 21 22 53 27 44 65 3 14 84 19 20 45 69 0 73 28 65 78 72 98 54 66 28 40
40 37 59 81 18 80 75 2 69 46 50 31 41 36 73 0 61 51 34 33 57 6 40 26 17
11 12 41 65 95 17 59 87 48 5 9 53 49 41 28 61 0 70 91 61 6 73 90 70 58
3 78 54 77 83 21 37 95 21 33 79 19 44 31 65 51 70 0 42 56 80 48 87 70 13
84 7 81 4 35 35 51 89 72 35 57 53 27 95 78 34 91 42 0 48 80 34 55 6 68
33 78 2 56 84 45 15 85 34 24 96 35 65 69 72 33 61 56 48 0 97 40 92 10 32
30 13 67 12 2 11 27 13 53 21 87 51 24 88 98 57 6 80 80 97 0 47 18 35 18
82 77 88 68 22 60 18 22 59 29 70 79 81 93 54 6 73 48 34 40 47 0 41 97 15
42 36 41 91 91 10 89 69 76 30 12 44 81 74 66 40 90 87 55 92 18 41 0 26 87
2 61 89 56 5 95 56 65 4 89 16 29 59 84 28 26 70 70 6 10 35 97 26 0 63
6 91 80 57 87 58 34 10 63 76 34 93 54 80 40 17 58 13 68 32 18 15 87 63 0
