21
0 20 95 95 28 15 87 37 66 62 22 44 81 79 64 85 91 28 58 46 46
20 0 76 77 31 33 87 36 47 64 10 34 66 92 49 93 77 17 77 58 66
95 76 0 2 81 109 92 104 68 129 72 92 25 132 34 163 28 68 153 133 130
95 77 2 0 81 110 90 105 70 130 73 93 24 131 34 164 26 68 154 134 130
28 31 81 81 0 42 59 62 76 89 21 65 62 62 47 113 71 18 80 74 48
15 33 109 110 42 0 100 33 73 53 37 45 97 85 80 71 107 43 43 32 44
87 87 92 90 59 100 0 122 123 149 76 122 67 53 66 171 66 70 132 132 83
37 36 104 105 62 33 122 0 49 28 46 16 99 116 82 59 110 53 62 32 77
66 47 68 70 76 73 123 49 0 66 55 33 75 139 63 102 85 58 111 81 113
62 64 129 130 89 53 149 28 66 0 74 36 126 138 110 35 137 81 63 31 95
22 10 72 73 21 37 76 46 55 74 0 45 59 84 42 102 69 7 81 65 62
44 34 92 93 65 45 122 16 33 36 45 0 90 123 75 71 101 51 78 48 88
81 66 25 24 62 97 67 99 75 126 59 90 0 107 17 158 11 53 140 124 110
79 92 132 131 62 85 53 116 139 138 84 123 107 0 99 151 111 81 100 113 47
64 49 34 34 47 80 66 82 63 110 42 75 17 99 0 141 27 36 123 107 96
85 93 163 164 113 71 171 59 102 35 102 71 158 151 141 0 169 109 56 39 103
91 77 28 26 71 107 66 110 85 137 69 101 11 111 27 169 0 63 150 135 118
28 17 68 68 18 43 70 53 58 81 7 51 53 81 36 109 63 0 86 72 63
58 77 153 154 80 43 132 62 111 63 81 78 140 100 123 56 150 86 0 33 52
46 58 133 134 74 32 132 32 81 31 65 48 124 113 107 39 135 72 33 0 67
46 66 130 130 48 44 83 77 113 95 62 88 110 47 96 103 118 63 52 67 0

0 13 48 92 60 97 73 36 43 15 2 71 11 45 64 99 50 48 18 75 45
13 0 23 59 57 8 4 64 92 60 56 53 98 51 68 60 24 26 73 45 18
48 23 0 61 56 33 45 50 18 53 8 28 22 29 89 45 78 88 41 7 34
92 59 61 0 85 39 38 89 64 74 60 90 30 19 88 50 87 19 76 72 94
60 57 56 85 0 29 59 11 84 32 78 27 22 52 27 18 52 56 13 26 72
97 8 33 39 29 0 65 95 95 34 26 17 32 51 92 51 26 5 42 85 35
73 4 45 38 59 65 0 43 45 31 58 91 15 42 21 43 14 46 94 76 93
36 64 50 89 11 95 43 0 52 32 28 78 70 17 7 75 62 17 7 11 38
43 92 18 64 84 95 45 52 0 88 37 5 14 32 16 14 22 23 14 98 33
15 60 53 74 32 34 31 32 88 0 38 99 18 81 7 40 14 20 84 72 27
2 56 8 60 78 26 58 28 37 38 0 81 78 27 76 98 30 40 81 8 37
71 53 28 90 27 17 91 78 5 99 81 0 37 72 49 7 78 42 98 29 84
11 98 22 30 22 32 15 70 14 18 78 37 0 44 56 92 23 22 42 34 86
45 51 29 19 52 51 42 17 32 81 27 72 44 0 92 51 16 35 66 31 35
64 68 89 88 27 92 21 7 16 7 76 49 56 92 0 70 48 49 31 69 82
99 60 45 50 18 51 43 75 14 40 98 7 92 51 70 0 74 6 48 92 5
50 24 78 87 52 26 14 62 22 14 30 78 23 16 48 74 0 60 7 17 48
48 26 88 19 56 5 46 17 23 20 40 42 22 35 49 6 60 0 76 16 85
18 73 41 76 13 42 94 7 14 84 81 98 42 66 31 48 7 76 0 66 66
75 45 7 72 26 85 76 11 98 72 8 29 34 31 69 92 17 16 66 0 39
45 18 34 94 72 35 93 38 33 27 37 84 86 35 82 5 48 85 66 39 0

0 38 56 73 87 57 2 90 77 38 10 5 82 83 65 14 34 73 90 69 24
38 0 95 16 42 25 10 82 53 67 41 84 73 35 94 65 4 60 42 8 53
56 95 0 25 78 65 83 65 48 50 38 45 81 92 15 75 97 97 35 40 95
73 16 25 0 54 71 41 16 34 63 6 85 22 54 14 33 62 26 63 49 93
87 42 78 54 0 32 10 7 69 67 90 30 93 20 79 23 4 86 68 94 67
57 25 65 71 32 0 59 75 86 37 80 6 62 36 59 91 20 37 67 77 52
2 10 83 41 10 59 0 28 77 78 15 52 60 51 39 43 2 92 8 51 82
90 82 65 16 7 75 28 0 90 75 67 65 8 42 53 94 71 72 47 12 78
77 53 48 34 69 86 77 90 0 70 26 85 34 58 43 6 73 55 75 6 71
38 67 50 63 67 37 78 75 70 0 38 47 83 13 67 50 90 55 13 44 20
10 41 38 6 90 80 15 67 26 38 0 72 87 71 48 82 2 99 63 43 3
5 84 45 85 30 6 52 65 85 47 72 0 5 18 6 94 34 52 62 24 52
82 73 81 22 93 62 60 8 34 83 87 5 0 39 36 96 38 55 92 91 25
83 35 92 54 20 36 51 42 58 13 71 18 39 0 78 40 58 8 87 95 51
65 94 15 14 79 59 39 53 43 67 48 6 36 78 0 4 26 72 25 24 3
14 65 75 33 23 91 43 94 6 50 82 94 96 40 4 0 46 74 99 33 94
34 4 97 62 4 20 2 71 73 90 2 34 38 58 26 46 0 16 83 76 28
73 60 97 26 86 37 92 72 55 55 99 52 55 8 72 74 16 0 97 98 4
90 42 35 63 68 67 8 47 75 13 63 62 92 87 25 99 83 97 0 41 46
69 8 40 49 94 77 51 12 6 44 43 24 91 95 24 33 76 98 41 0 24
24 53 95 93 67 52 82 78 71 20 3 52 25 51 3 94 28 4 46 24 0

0 99 53 14 44 62 21 14 77 63 28 19 27 53 68 38 95 12 4 50 58
99 0 94 51 9 99 40 89 87 30 14 27 1 82 18 84 17 76 52 27 34
53 94 0 34 96 64 20 36 51 88 16 23 17 61 50 19 41 58 31 48 94
14 51 34 0 88 17 75 40 56 8 12 92 88 17 53 93 33 16 95 46 22
44 9 96 88 0 72 3 38 39 34 37 64 4 69 81 51 12 90 41 47 71
62 99 64 17 72 0 65 93 69 26 41 13 14 64 35 42 94 39 23 69 1
21 40 20 75 3 65 0 12 79 49 83 76 90 28 45 27 33 86 11 40 41
14 89 36 40 38 93 12 0 80 17 79 52 32 28 80 11 83 8 72 86 97
77 87 51 56 39 69 79 80 0 94 38 95 28 69 14 81 76 44 46 68 8
63 30 88 8 34 26 49 17 94 0 15 61 2 7 78 93 21 64 33 95 81
28 14 16 12 37 41 83 79 38 15 0 45 67 13 73 7 28 41 94 97 4
19 27 23 92 64 13 76 52 95 61 45 0 34 32 38 2 4 87 40 47 40
27 1 17 88 4 14 90 32 28 2 67 34 0 76 90 40 19 38 51 91 8
53 82 61 17 69 64 28 28 69 7 13 32 76 0 68 67 17 80 71 92 1
68 18 50 53 81 35 45 80 14 78 73 38 90 68 0 37 50 40 3 52 16
38 84 19 93 51 42 27 11 81 93 7 2 40 67 37 0 76 44 63 11 83
95 17 41 33 12 94 33 83 76 21 28 4 19 17 50 76 0 13 18 88 13
12 76 58 16 90 39 86 8 44 64 41 87 38 80 40 44 13 0 12 4 58
4 52 31 95 41 23 11 72 46 33 94 40 51 71 3 63 18 12 0 3 33
50 27 48 46 47 69 40 86 68 95 97 47 91 92 52 11 88 4 3 0 49
58 34 94 22 71 1 41 97 8 81 4 40 8 1 16 83 13 58 33 49 0

0 80 1 83 38 39 95 48 55 93 86 26 69 45 22 68 95 26 47 32 17
80 0 24 7 67 80 12 69 3 36 73 31 45 82 33 15 30 17 84 66 14
1 24 0 15 42 45 88 42 69 71 2 4 9 40 90 45 75 71 17 87 9
83 7 15 0 67 96 88 96 47 8 87 20 53 11 39 75 69 10 61 3 65
38 67 42 67 0 41 26 42 50 85 73 97 10 83 45 85 57 96 95 29 74
39 80 45 96 41 0 51 37 1 5 88 82 41 92 48 48 66 17 10 86 24
95 12 88 88 26 51 0 77 87 5 20 85 65 87 81 36 9 57 65 82 46
48 69 42 96 42 37 77 0 82 57 61 79 44 41 56 16 80 50 14 11 11
55 3 69 47 50 1 87 82 0 18 50 31 28 13 43 69 34 70 84 88 76
93 36 71 8 85 5 5 57 18 0 93 41 79 97 34 78 9 5 51 5 9
86 73 2 87 73 88 20 61 50 93 0 90 57 6 11 33 99 71 8 61 49
26 31 4 20 97 82 85 79 31 41 90 0 88 98 11 62 70 15 89 17 13
69 45 9 53 10 41 65 44 28 79 57 88 0 20 62 23 3 75 64 6 67
45 82 40 11 83 92 87 41 13 97 6 98 20 0 92 35 9 38 54 78 32
22 33 90 39 45 48 81 56 43 34 11 11 62 92 0 51 45 3 96 98 63
68 15 45 75 85 48 36 16 69 78 33 62 23 35 51 0 77 18 49 73 51
95 30 75 69 57 66 9 80 34 9 99 70 3 9 45 77 0 23 39 35 91
26 17 71 10 96 17 57 50 70 5 71 15 75 38 3 18 23 0 53 60 49
47 84 17 61 95 10 65 14 84 51 8 89 64 54 96 49 39 53 0 57 56
32 66 87 3 29 86 82 11 88 5 61 17 6 78 98 73 35 60 57 0 49
17 14 9 65 74 24 46 11 76 9 49 13 67 32 63 51 91 49 56 49 0
